Performing 36 tests with sizes:
[1,12,24,37,51,66,122,179,237,296,356,417,479,542,606,671,737,804,872,941,1011,1082,1154,1227,1301,1376,1452,1529,1607,1686,1766,1847,1929,2012,2096,2181]

n:      brute average   median average
1:      2.000   0.000
12:     123.350 24.270
24:     445.250 60.440
37:     1087.300        104.370
51:     2134.920        139.410
66:     3532.810        191.450
122:    12511.900       362.140
179:    21677.740       562.220
237:    40193.950       775.970
296:    61235.350       937.220
356:    100991.020      1167.300
417:    125868.360      1422.300
479:    172832.820      1577.670
542:    213467.980      1786.910
606:    265193.110      2066.190
671:    315343.140      2204.630
737:    416689.120      2543.280
804:    506461.530      2630.940
872:    593932.800      2901.870
941:    655021.810      3190.230
1011:   746472.550      3356.500
1082:   977465.130      3639.660
1154:   942083.920      3903.380
1227:   1069499.870     4102.530
1301:   1291362.110     4444.050
1376:   1406574.260     4867.070
1452:   1596030.590     4923.850
1529:   1744720.460     5140.370
1607:   2068387.340     5149.550
1686:   1994143.280     5751.570
1766:   2423770.960     5653.140
1847:   2463215.790     5947.140
1929:   2863364.100     6244.120
2012:   3106980.580     6542.980
2096:   3121103.620     6956.600
2181:   3424917.880     7723.170


ARRAY FORM

Brute averages
[2.000000,123.350000,445.250000,1087.300000,2134.920000,3532.810000,12511.900000,21677.740000,40193.950000,61235.350000,100991.020000,125868.360000,172832.820000,213467.980000,265193.110000,315343.140000,416689.120000,506461.530000,593932.800000,655021.810000,746472.550000,977465.130000,942083.920000,1069499.870000,1291362.110000,1406574.260000,1596030.590000,1744720.460000,2068387.340000,1994143.280000,2423770.960000,2463215.790000,2863364.100000,3106980.580000,3121103.620000,3424917.880000]

Median averages
[0.000000,24.270000,60.440000,104.370000,139.410000,191.450000,362.140000,562.220000,775.970000,937.220000,1167.300000,1422.300000,1577.670000,1786.910000,2066.190000,2204.630000,2543.280000,2630.940000,2901.870000,3190.230000,3356.500000,3639.660000,3903.380000,4102.530000,4444.050000,4867.070000,4923.850000,5140.370000,5149.550000,5751.570000,5653.140000,5947.140000,6244.120000,6542.980000,6956.600000,7723.170000]
